,PassengerId,Pclass,Sex,Age,SibSp,Parch,Fare,Cabin,Embarked_Q,Embarked_S,Survived
0,566,2,1,24.0,2,0,24.15,,0.0,1.0,0
1,161,2,1,44.0,0,1,16.1,,0.0,1.0,0
2,554,2,1,22.0,0,0,7.225,,0.0,0.0,1
3,861,2,1,41.0,2,0,14.1083,,0.0,1.0,0
4,242,2,0,28.5,1,0,15.5,,1.0,0.0,1
5,560,2,0,36.0,1,0,17.4,,0.0,1.0,1
6,388,1,0,36.0,0,0,13.0,,0.0,1.0,1
7,537,0,1,45.0,0,0,26.55,B38,0.0,1.0,0
8,699,0,1,49.0,1,1,110.8833,C68,0.0,0.0,0
9,100,1,1,34.0,1,0,26.0,,0.0,1.0,0
10,127,2,1,28.5,0,0,7.75,,1.0,0.0,0
11,334,2,1,16.0,2,0,18.0,,0.0,1.0,0
12,217,2,0,27.0,0,0,7.925,,0.0,1.0,1
13,818,1,1,31.0,1,1,37.0042,,0.0,0.0,0
14,28,0,1,19.0,3,2,263.0,C23 C25 C27,0.0,1.0,0
15,704,2,1,25.0,0,0,7.7417,,1.0,0.0,0
16,486,2,0,28.5,3,1,25.4667,,0.0,1.0,0
17,512,2,1,28.5,0,0,8.05,,0.0,1.0,0
18,434,2,1,17.0,0,0,7.125,,0.0,1.0,0
19,577,1,0,34.0,0,0,13.0,,0.0,1.0,1
20,88,2,1,28.5,0,0,8.05,,0.0,1.0,0
21,581,1,0,25.0,1,1,30.0,,0.0,1.0,1
22,158,2,1,30.0,0,0,8.05,,0.0,1.0,0
23,280,2,0,35.0,1,1,20.25,,0.0,1.0,1
24,423,2,1,29.0,0,0,7.875,,0.0,1.0,0
25,370,0,0,24.0,0,0,69.3,B35,0.0,0.0,1
26,777,2,1,28.5,0,0,7.75,F38,1.0,0.0,0
27,713,0,1,48.0,1,0,52.0,C126,0.0,1.0,1
28,456,2,1,29.0,0,0,7.8958,,0.0,0.0,1
29,496,2,1,28.5,0,0,14.4583,,0.0,0.0,0
30,759,2,1,34.0,0,0,8.05,,0.0,1.0,0
31,731,0,0,29.0,0,0,211.3375,B5,0.0,1.0,1
32,66,2,1,28.5,1,1,15.2458,,0.0,0.0,1
33,76,2,1,25.0,0,0,7.65,F G73,0.0,1.0,0
34,490,2,1,9.0,1,1,15.9,,0.0,1.0,1
35,870,2,1,4.0,1,1,11.1333,,0.0,1.0,1
36,166,2,1,9.0,0,2,20.525,,0.0,1.0,1
37,72,2,0,16.0,5,2,46.9,,0.0,1.0,0
38,429,2,1,28.5,0,0,7.75,,1.0,0.0,0
39,418,1,0,18.0,0,2,13.0,,0.0,1.0,1
40,746,0,1,70.0,1,1,71.0,B22,0.0,1.0,0
41,298,0,0,2.0,1,2,151.55,C22 C26,0.0,1.0,0
42,464,1,1,48.0,0,0,13.0,,0.0,1.0,0
43,85,1,0,17.0,0,0,10.5,,0.0,1.0,1
44,212,1,0,35.0,0,0,21.0,,0.0,1.0,1
45,116,2,1,21.0,0,0,7.925,,0.0,1.0,0
46,869,2,1,28.5,0,0,9.5,,0.0,1.0,0
47,41,2,0,40.0,1,0,9.475,,0.0,1.0,0
48,645,2,0,0.75,2,1,19.2583,,0.0,0.0,1
49,323,1,0,30.0,0,0,12.35,,1.0,0.0,1
50,760,0,0,33.0,0,0,86.5,B77,0.0,1.0,1
51,565,2,0,28.5,0,0,8.05,,0.0,1.0,0
52,503,2,0,28.5,0,0,7.6292,,1.0,0.0,0
53,18,1,1,28.5,0,0,13.0,,0.0,1.0,1
54,680,0,1,36.0,0,1,512.3292,B51 B53 B55,0.0,0.0,1
55,402,2,1,26.0,0,0,8.05,,0.0,1.0,0
56,640,2,1,28.5,1,0,16.1,,0.0,1.0,0
57,702,0,1,35.0,0,0,26.2875,E24,0.0,1.0,1
58,107,2,0,21.0,0,0,7.65,,0.0,1.0,1
59,448,0,1,34.0,0,0,26.55,,0.0,1.0,1
60,579,2,0,28.5,1,0,14.4583,,0.0,0.0,0
61,473,1,0,33.0,1,2,27.75,,0.0,1.0,1
62,765,2,1,16.0,0,0,7.775,,0.0,1.0,0
63,398,1,1,46.0,0,0,26.0,,0.0,1.0,0
64,691,0,1,31.0,1,0,57.0,B20,0.0,1.0,1
65,39,2,0,18.0,2,0,18.0,,0.0,1.0,0
66,376,0,0,28.5,1,0,82.1708,,0.0,0.0,1
67,753,2,1,33.0,0,0,9.5,,0.0,1.0,0
68,626,0,1,61.0,0,0,32.3208,D50,0.0,1.0,0
69,865,1,1,24.0,0,0,13.0,,0.0,1.0,0
70,276,0,0,63.0,1,0,77.9583,D7,0.0,1.0,1
71,774,2,1,28.5,0,0,7.225,,0.0,0.0,0
72,594,2,0,28.5,0,2,7.75,,1.0,0.0,0
73,505,0,0,16.0,0,0,86.5,B79,0.0,1.0,1
74,240,1,1,33.0,0,0,12.275,,0.0,1.0,0
75,154,2,1,40.5,0,2,14.5,,0.0,1.0,0
76,615,2,1,35.0,0,0,8.05,,0.0,1.0,0
77,443,2,1,25.0,1,0,7.775,,0.0,1.0,0
78,181,2,0,28.5,8,2,69.55,,0.0,1.0,0
79,635,2,0,9.0,3,2,27.9,,0.0,1.0,0
80,387,2,1,1.0,5,2,46.9,,0.0,1.0,0
81,245,2,1,30.0,0,0,7.225,,0.0,0.0,0
82,750,2,1,31.0,0,0,7.75,,1.0,0.0,0
83,163,2,1,26.0,0,0,7.775,,0.0,1.0,0
84,502,2,0,21.0,0,0,7.75,,1.0,0.0,0
85,93,0,1,46.0,1,0,61.175,E31,0.0,1.0,0
86,715,1,1,52.0,0,0,13.0,,0.0,1.0,0
87,432,2,0,28.5,1,0,16.1,,0.0,1.0,1
88,453,0,1,30.0,0,0,27.75,C111,0.0,0.0,0
89,854,0,0,16.0,0,1,39.4,D28,0.0,1.0,1
90,56,0,1,28.5,0,0,35.5,C52,0.0,1.0,1
91,352,0,1,28.5,0,0,35.0,C128,0.0,1.0,0
92,571,1,1,62.0,0,0,10.5,,0.0,1.0,1
93,30,2,1,28.5,0,0,7.8958,,0.0,1.0,0
94,63,0,1,45.0,1,0,83.475,C83,0.0,1.0,0
95,597,1,0,28.5,0,0,33.0,,0.0,1.0,1
96,459,1,0,50.0,0,0,10.5,,0.0,1.0,1
97,460,2,1,28.5,0,0,7.75,,1.0,0.0,0
98,5,2,1,35.0,0,0,8.05,,0.0,1.0,0
99,272,2,1,25.0,0,0,0.0,,0.0,1.0,1
100,253,0,1,62.0,0,0,26.55,C87,0.0,1.0,0
101,342,0,0,24.0,3,2,263.0,C23 C25 C27,0.0,1.0,1
102,83,2,0,28.5,0,0,7.7875,,1.0,0.0,1
103,10,1,0,14.0,1,0,30.0708,,0.0,0.0,1
104,811,2,1,26.0,0,0,7.8875,,0.0,1.0,0
105,24,0,1,28.0,0,0,35.5,A6,0.0,1.0,1
106,842,1,1,16.0,0,0,10.5,,0.0,1.0,0
107,411,2,1,28.5,0,0,7.8958,,0.0,1.0,0
108,567,2,1,19.0,0,0,7.8958,,0.0,1.0,0
109,246,0,1,44.0,2,0,90.0,C78,1.0,0.0,0
110,561,2,1,28.5,0,0,7.75,,1.0,0.0,0
111,325,2,1,28.5,8,2,69.55,,0.0,1.0,0
112,147,2,1,27.0,0,0,7.7958,,0.0,1.0,1
113,660,0,1,58.0,0,2,113.275,D48,0.0,0.0,0
114,572,0,0,53.0,2,0,51.4792,C101,0.0,1.0,1
115,197,2,1,28.5,0,0,7.75,,1.0,0.0,0
116,17,2,1,2.0,4,1,29.125,,1.0,0.0,0
117,139,2,1,16.0,0,0,9.2167,,0.0,1.0,0
118,744,2,1,24.0,1,0,16.1,,0.0,1.0,0
119,556,0,1,62.0,0,0,26.55,,0.0,1.0,0
120,106,2,1,28.0,0,0,7.8958,,0.0,1.0,0
121,727,1,0,30.0,3,0,21.0,,0.0,1.0,1
122,604,2,1,44.0,0,0,8.05,,0.0,1.0,0
123,542,2,0,9.0,4,2,31.275,,0.0,1.0,0
124,776,2,1,18.0,0,0,7.75,,0.0,1.0,0
125,825,2,1,2.0,4,1,39.6875,,0.0,1.0,0
126,337,0,1,29.0,1,0,66.6,C2,0.0,1.0,0
127,800,2,0,30.0,1,1,24.15,,0.0,1.0,0
128,677,2,1,24.5,0,0,8.05,,0.0,1.0,0
129,608,0,1,27.0,0,0,30.5,,0.0,1.0,1
130,827,2,1,28.5,0,0,56.4958,,0.0,1.0,0
131,757,2,1,28.0,0,0,7.7958,,0.0,1.0,0
132,187,2,0,28.5,1,0,15.5,,1.0,0.0,1
133,412,2,1,28.5,0,0,6.8583,,1.0,0.0,0
134,550,1,1,8.0,1,1,36.75,,0.0,1.0,1
135,442,2,1,20.0,0,0,9.5,,0.0,1.0,0
136,436,0,0,14.0,1,2,120.0,B96 B98,0.0,1.0,1
137,791,2,1,28.5,0,0,7.75,,1.0,0.0,0
138,199,2,0,28.5,0,0,7.75,,1.0,0.0,1
139,445,2,1,28.5,0,0,8.1125,,0.0,1.0,1
140,672,0,1,31.0,1,0,52.0,B71,0.0,1.0,0
141,297,2,1,23.5,0,0,7.2292,,0.0,0.0,0
142,803,0,1,11.0,1,2,120.0,B96 B98,0.0,1.0,1
143,138,0,1,37.0,1,0,53.1,C123,0.0,1.0,0
144,533,2,1,17.0,1,1,7.2292,,0.0,0.0,0
145,588,0,1,60.0,1,1,79.2,B41,0.0,0.0,1
146,879,2,1,28.5,0,0,7.8958,,0.0,1.0,0
147,729,1,1,25.0,1,0,26.0,,0.0,1.0,0
148,390,1,0,17.0,0,0,12.0,,0.0,0.0,1
149,428,1,0,19.0,0,0,26.0,,0.0,1.0,1
150,805,2,1,27.0,0,0,6.975,,0.0,1.0,1
151,732,2,1,11.0,0,0,18.7875,,0.0,0.0,0
152,89,0,0,23.0,3,2,263.0,C23 C25 C27,0.0,1.0,1
153,40,2,0,14.0,1,0,11.2417,,0.0,0.0,1
154,493,0,1,55.0,0,0,30.5,C30,0.0,1.0,0
155,824,2,0,27.0,0,1,12.475,E121,0.0,1.0,1
156,887,1,1,27.0,0,0,13.0,,0.0,1.0,0
157,354,2,1,25.0,1,0,17.8,,0.0,1.0,0
158,686,1,1,25.0,1,2,41.5792,,0.0,0.0,0
159,12,0,0,58.0,0,0,26.55,C103,0.0,1.0,1
160,485,0,1,25.0,1,0,91.0792,B49,0.0,0.0,1
161,367,0,0,60.0,1,0,75.25,D37,0.0,0.0,1
162,301,2,0,28.5,0,0,7.75,,1.0,0.0,1
163,880,0,0,56.0,0,1,83.1583,C50,0.0,0.0,1
164,531,1,0,2.0,1,1,26.0,,0.0,1.0,1
165,294,2,0,24.0,0,0,8.85,,0.0,1.0,0
166,815,2,1,30.5,0,0,8.05,,0.0,1.0,0
167,516,0,1,47.0,0,0,34.0208,D46,0.0,1.0,0
168,200,1,0,24.0,0,0,13.0,,0.0,1.0,0
169,143,2,0,24.0,1,0,15.85,,0.0,1.0,1
170,350,2,1,42.0,0,0,8.6625,,0.0,1.0,0
171,355,2,1,28.5,0,0,7.225,,0.0,0.0,0
172,296,0,1,28.5,0,0,27.7208,,0.0,0.0,0
173,144,2,1,19.0,0,0,6.75,,1.0,0.0,0
174,881,1,0,25.0,0,1,26.0,,0.0,1.0,1
175,92,2,1,20.0,0,0,7.8542,,0.0,1.0,0
176,884,1,1,28.0,0,0,10.5,,0.0,1.0,0
177,474,1,0,23.0,0,0,13.7917,D,0.0,0.0,1
178,638,1,1,31.0,1,1,26.25,,0.0,1.0,0
